NUMBER 2 
PBN 2 3 0 3 "S:Q853.AJ962.KT74. AJ962.KT74..Q853 KT74..Q853.AJ962 .Q853.AJ962.KT74" 
FUT 13 0 0 0 0 0 3 3 3 3 1 1 1 1 14 2 6 9 11 3 5 8 12 4 7 10 13 0 0 0 0 0 0 0 0 0 0 0 0 0 6 4 4 4 4 4 4 4 4 4 4 4 4 
TABLE 8 4 7 4 4 7 4 8 7 4 8 4 4 8 4 7 5 5 5 5 
PAR "NS 110" "EW -110" "NS:N 2S" "EW:N 2S" 
PAR2 "110" "2S-N" 
PLAY 1 "SA" 
TRACE 2 7 7 
PBN 2 3 0 3 "S:AQT8642.KJ9753.. KJ9753..AQT8642. ..KJ9753.AQT8642 .AQT8642..KJ9753" 
FUT 13 0 0 0 0 2 0 2 0 2 2 2 2 2 3 5 7 9 2 11 4 13 6 8 10 12 14 0 0 0 0 0 0 0 0 0 0 0 0 0 6 6 6 6 6 6 6 6 6 6 6 6 5 
TABLE 7 6 7 6 6 7 6 7 6 7 6 7 7 6 7 6 7 7 7 7 
PAR "NS 90" "EW 90" "NS:NS 1N" "EW:EW 1N" 
PAR2 "90" "1N-NS" 
PLAY 1 "DA" 
TRACE 2 7 8 

